(0), 1, 4, 5, 6, 7, 10, 11, 12, 15, 16, 19, (22)

(0), 1, 4, 5, 6, 7, 10, 11, 12, 15, 16, 19, (22)
(0), 1, 4, 5, 6, 7, 10, 12, 15, 16, 19, (22)
(0), 1, 4, 5, 7, 10, 11, 12, 15, 16, 19, (22)
(0), 1, 4, 5, 7, 10, 12, 15, 16, 19, (22)
(0), 1, 4, 6, 7, 10, 11, 12, 15, 16, 19, (22)
(0), 1, 4, 6, 7, 10, 12, 15, 16, 19, (22)
(0), 1, 4, 7, 10, 11, 12, 15, 16, 19, (22)
(0), 1, 4, 7, 10, 12, 15, 16, 19, (22)

5,6,11 can be removed entirely
8 arrangements


(0), 1, 4, 5, 6, 7, 10, 12, 13, 15, 16, 19, (22)

